1,171120,Ashwin,89,94,56,77,66,44,70
2,171132,Eldhose,80,81,82,83,84,85,86
3,171114,selin,85,96,75,88,89,78,98
4,171350,Amal,45,63,78,56,89,97,80
5,171131,Ananthakrishnan,10,12,14,16,66,55,50
6,171117,Ajanya,88,85,97,98,95,96,84
7,171128,Akshay,100,100,100,100,50,90,100
8,171129,Adarsh,85,90,92,96,97,98,99
9,171124,Arunima,49,59,69,79,77,92,94
10,171146,Eldhose,80,80,80,70,45,90,94
11,171143,Bichu,95,94,50,65,55,80,73
12,171134,Bronwin,40,42,44,46,48,50,52
13,171130,Nandakishore,30,32,34,36,38,40,42
14,171111,Nayana,95,88,88,44,80,82,84
15,171110,Fathima,45,50,46,99,95,100,80
16,171133,prajith,53,65,75,42,68,89,93
17,171122,Gokoul,78,86,75,77,90,95,95
18,171345,AIswarya,66,75,88,99,80,94,92
19,171115,Jishnu,90,95,93,99,97,95,92
20,171135,Josemon,50,50,50,50,50,50,50
21,171378,Lakshmi,55,60,45,69,55,70,72
22,171121,Shibin,90,80,77,65,55,89,80
23,171181,Subin,87,88,45,59,61,70,55
24,171190,SABARINATH,89,90,50,50,50,50,50
25,171119,Revathy,74,76,72,68,80,76,82
26,171136,Sabeena,86,84,89,90,95,98,98
27,171126,Shabna,45,78,89,88,96,99,95
28,171118,Sivaprasad,45,56,55,45,78,78,90
